[-40, -84, 48, -120, 115, -67, 97, -80, 89, 59, -23, -1, 125, 46, -114, 27]
[-10, 4, -10, -52, -68, -60, -83, 50, -104, -25, 62, -59, -97, 109, -107, 64]
[-118, 85, -44, 63, -104, 44, 82, 51, 70, 14, -78, 47, 25, -61, 4, -118]
[-61, 98, -84, -33, -4, -107, -81, -17, 44, -27, 26, 96, -50, 67, 54, -14]
[-74, 44, 12, -31, -41, -7, -81, -17, 44, -22, 24, 96, -17, 60, 50, -14]
[114, -100, 3, -3, -126, -68, -125, -55, -121, -45, 94, -112, 6, -101, 75, -107]
[101, -40, -4, 99, 23, -56, -103, 125, -13, -100, -89, -17, 44, -10, 18, 92]
[75, 123, -103, 47, 69, -32, -24, 15, 87, -6, -49, -8, -21, 58, -11, -17]
[-20, -78, 115, -101, 120, 18, -101, 41, -42, 1, 113, 3, 34, -10, -2, -103]
[114, 19, -43, -101, 99, 51, 11, -20, -24, 103, 2, -47, -42, -19, -42, 0]
[-50, -20, -126, 116, -103, -83, 65, -89, -79, -91, -73, 88, 116, 87, -30, -16]
